1826,1885,1000
1821,1887,1000
1816,1889,1000
1811,1891,1000
1805,1893,1000
1800,1896,1000
1795,1898,1000
1789,1901,1000
1784,1903,1000
1779,1906,1000
1774,1909,1000
1768,1912,1000
1763,1915,1000
1758,1918,1000
1752,1922,1000
1747,1926,1000
1741,1930,1000
1736,1934,1000
1730,1938,1000
1725,1943,1000
1720,1948,1000
1714,1954,1000
1708,1960,1000
1703,1966,1000
1697,1973,1000
1692,1981,1000
1686,1926,1000
1680,1880,1000
1671,1840,1000
1662,1803,1000
1651,1769,1000
1639,1736,1000
1626,1704,1000
1612,1673,1000
1596,1643,1000
1580,1614,1000
1562,1586,1000
1544,1558,1000
1524,1530,1000
1504,1503,1000
1483,1476,1000
1461,1450,1000
1439,1424,1000
1416,1399,1000
1392,1374,1000
1368,1349,1000
1343,1325,1000
1318,1302,1000
1292,1279,1000
1266,1257,1000
1240,1236,1000
1246,1228,1000
1251,1220,1000
1257,1212,1000
1262,1205,1000
1267,1197,1000
1272,1190,1000
1277,1182,1000
1281,1175,1000
1285,1168,1000
1289,1161,1000
1293,1154,1000
1297,1147,1000
1300,1140,1000
1304,1134,1000
1307,1127,1000
1310,1120,1000
1312,1114,1000
1315,1107,1000
1317,1101,1000
1319,1095,1000
1321,1089,1000
1323,1082,1000
1324,1076,1000
1326,1070,1000
1327,1064,1000
1359,1096,1000
1392,1129,1000
1425,1162,1000
1458,1196,1000
1491,1230,1000
1524,1263,1000
1558,1296,1000
1590,1330,1000
1623,1362,1000
1655,1395,1000
1686,1427,1000
1716,1459,1000
1745,1490,1000
1773,1521,1000
1799,1551,1000
1824,1581,1000
1847,1611,1000
1868,1641,1000
1887,1671,1000
1905,1700,1000
1921,1730,1000
1935,1760,1000
1947,1790,1000
1958,1820,1000
1966,1851,1000
1961,1851,1000
1956,1851,1000
1950,1851,1000
1945,1851,1000
1940,1852,1000
1934,1852,1000
1929,1852,1000
1924,1852,1000
1918,1853,1000
1913,1853,1000
1908,1854,1000
1903,1854,1000
1897,1855,1000
1892,1856,1000
1887,1857,1000
1882,1857,1000
1876,1858,1000
1871,1859,1000
1866,1860,1000
1861,1861,1000
1855,1863,1000
1850,1864,1000
1845,1865,1000
1840,1867,1000
