1506,1503,1000
1507,1504,1000
1508,1504,1000
1509,1505,1000
1510,1506,1000
1511,1507,1000
1512,1508,1000
1513,1509,1000
1514,1510,1000
1515,1511,1000
1516,1512,1000
1517,1513,1000
1518,1514,1000
1519,1515,1000
1520,1515,1000
1521,1516,1000
1522,1517,1000
1523,1518,1000
1524,1519,1000
1525,1520,1000
1526,1521,1000
1527,1522,1000
1528,1523,1000
1529,1524,1000
1530,1525,1000
1531,1526,1000
1533,1526,1000
1534,1525,1000
1535,1525,1000
1537,1525,1000
1538,1525,1000
1539,1524,1000
1540,1524,1000
1542,1524,1000
1543,1524,1000
1544,1524,1000
1546,1523,1000
1547,1523,1000
1548,1523,1000
1549,1523,1000
1551,1523,1000
1552,1522,1000
1553,1522,1000
1555,1522,1000
1556,1522,1000
1557,1522,1000
1558,1522,1000
1560,1521,1000
1561,1521,1000
1562,1521,1000
1564,1521,1000
1564,1521,1000
1565,1521,1000
1566,1521,1000
1567,1521,1000
1568,1521,1000
1569,1521,1000
1570,1521,1000
1571,1521,1000
1572,1521,1000
1573,1522,1000
1574,1522,1000
1575,1522,1000
1576,1522,1000
1577,1522,1000
1578,1522,1000
1579,1522,1000
1580,1522,1000
1581,1522,1000
1582,1522,1000
1583,1522,1000
1584,1522,1000
1585,1522,1000
1586,1522,1000
1586,1523,1000
1587,1523,1000
1588,1522,1000
1590,1522,1000
1591,1522,1000
1592,1521,1000
1593,1521,1000
1594,1521,1000
1595,1520,1000
1596,1520,1000
1597,1519,1000
1598,1519,1000
1599,1519,1000
1600,1519,1000
1601,1518,1000
1602,1518,1000
1603,1518,1000
1604,1517,1000
1606,1517,1000
1607,1517,1000
1608,1516,1000
1609,1516,1000
1610,1516,1000
1611,1515,1000
1612,1515,1000
1613,1515,1000
1614,1515,1000
1615,1514,1000
1616,1514,1000
1617,1513,1000
1618,1513,1000
1619,1512,1000
1620,1512,1000
1621,1511,1000
1622,1511,1000
1623,1511,1000
1625,1510,1000
1626,1510,1000
1627,1509,1000
1628,1509,1000
1629,1508,1000
1630,1508,1000
1631,1508,1000
1632,1507,1000
1633,1507,1000
1634,1506,1000
1635,1506,1000
1636,1506,1000
1637,1505,1000
1638,1505,1000
1639,1504,1000
1640,1504,1000
1641,1503,1000
1641,1502,1000
1642,1502,1000
1643,1501,1000
1644,1500,1000
1644,1499,1000
1645,1498,1000
1646,1498,1000
1646,1497,1000
1647,1496,1000
1648,1495,1000
1648,1494,1000
1649,1494,1000
1650,1493,1000
1650,1492,1000
1651,1491,1000
1651,1491,1000
1652,1490,1000
1653,1489,1000
1653,1488,1000
1654,1488,1000
1655,1487,1000
1655,1486,1000
1656,1485,1000
1657,1485,1000
1657,1484,1000
1657,1483,1000
1657,1483,1000
1657,1482,1000
1658,1481,1000
1658,1481,1000
1658,1480,1000
1658,1480,1000
1659,1479,1000
1659,1478,1000
1659,1478,1000
1659,1477,1000
1659,1477,1000
1660,1476,1000
1660,1475,1000
1660,1475,1000
1660,1474,1000
1660,1473,1000
1661,1473,1000
1661,1472,1000
1661,1472,1000
1661,1471,1000
1661,1470,1000
1662,1470,1000
1662,1469,1000
1662,1468,1000
1662,1467,1000
1662,1467,1000
1662,1466,1000
1661,1465,1000
1661,1464,1000
1661,1463,1000
1661,1462,1000
1661,1461,1000
1661,1460,1000
1661,1459,1000
1661,1458,1000
1661,1458,1000
1661,1457,1000
1661,1456,1000
1660,1455,1000
1660,1454,1000
1660,1453,1000
1660,1452,1000
1660,1451,1000
1660,1450,1000
1660,1450,1000
1660,1449,1000
1659,1448,1000
1659,1447,1000
1658,1445,1000
1657,1443,1000
1656,1441,1000
1655,1439,1000
1653,1437,1000
1652,1435,1000
1651,1433,1000
1650,1431,1000
1648,1429,1000
1647,1427,1000
1646,1425,1000
1645,1424,1000
1643,1422,1000
1642,1420,1000
1641,1418,1000
1639,1416,1000
1638,1414,1000
1637,1412,1000
1636,1410,1000
1634,1408,1000
1633,1406,1000
1632,1404,1000
1630,1402,1000
1629,1400,1000
1627,1398,1000
1625,1396,1000
1623,1393,1000
1621,1391,1000
1619,1389,1000
1617,1386,1000
1615,1384,1000
1612,1381,1000
1610,1379,1000
1608,1377,1000
1606,1374,1000
1604,1372,1000
1602,1370,1000
1599,1367,1000
1597,1365,1000
1595,1363,1000
1593,1360,1000
1591,1358,1000
1588,1355,1000
1586,1353,1000
1584,1351,1000
1582,1348,1000
1579,1346,1000
1577,1343,1000
1575,1341,1000
1573,1339,1000
1571,1336,1000
1569,1334,1000
1567,1332,1000
1564,1330,1000
1562,1328,1000
1560,1325,1000
1558,1323,1000
1556,1321,1000
1554,1319,1000
1552,1316,1000
1550,1314,1000
1548,1312,1000
1545,1310,1000
1543,1307,1000
1541,1305,1000
1539,1303,1000
1537,1301,1000
1535,1298,1000
1533,1296,1000
1530,1294,1000
1528,1292,1000
1526,1289,1000
1524,1287,1000
1522,1285,1000
1520,1283,1000
1517,1280,1000
1514,1278,1000
1512,1276,1000
1509,1274,1000
1506,1272,1000
1504,1270,1000
1501,1268,1000
1498,1266,1000
1496,1264,1000
1493,1261,1000
1491,1259,1000
1488,1257,1000
1485,1255,1000
1483,1253,1000
1480,1251,1000
1477,1249,1000
1475,1247,1000
1472,1245,1000
1470,1243,1000
1467,1241,1000
1464,1239,1000
1462,1237,1000
1459,1235,1000
1457,1233,1000
1454,1231,1000
1452,1230,1000
1450,1229,1000
1448,1228,1000
1447,1227,1000
1445,1226,1000
1443,1225,1000
1441,1223,1000
1439,1222,1000
1437,1221,1000
1436,1220,1000
1434,1219,1000
1432,1218,1000
1430,1217,1000
1428,1216,1000
1426,1215,1000
1425,1214,1000
1423,1213,1000
1421,1212,1000
1419,1211,1000
1417,1210,1000
1415,1209,1000
1414,1208,1000
1412,1207,1000
1410,1206,1000
1408,1205,1000
1407,1204,1000
1406,1204,1000
1405,1203,1000
1404,1203,1000
1402,1203,1000
1401,1202,1000
1400,1202,1000
1399,1201,1000
1398,1201,1000
1397,1200,1000
1395,1200,1000
1394,1199,1000
1393,1199,1000
1392,1199,1000
1391,1198,1000
1390,1198,1000
1389,1197,1000
1387,1197,1000
1386,1197,1000
1385,1196,1000
1384,1196,1000
1383,1195,1000
1382,1195,1000
1381,1195,1000
1379,1194,1000
1378,1194,1000
1377,1194,1000
1376,1194,1000
1375,1194,1000
1374,1194,1000
1373,1194,1000
1372,1194,1000
1371,1194,1000
1370,1194,1000
1368,1193,1000
1367,1193,1000
1366,1193,1000
1365,1193,1000
1364,1193,1000
1363,1193,1000
1362,1193,1000
1361,1193,1000
1360,1193,1000
1359,1193,1000
1357,1193,1000
1356,1193,1000
1355,1193,1000
1354,1193,1000
1353,1193,1000
1352,1193,1000
1351,1193,1000
1350,1194,1000
1349,1194,1000
1348,1195,1000
1347,1195,1000
1346,1196,1000
1346,1196,1000
1345,1196,1000
1344,1197,1000
1343,1197,1000
1342,1198,1000
1341,1198,1000
1340,1199,1000
1339,1199,1000
1338,1200,1000
1337,1200,1000
1336,1201,1000
1335,1201,1000
1334,1202,1000
1333,1202,1000
1332,1203,1000
1331,1203,1000
1330,1204,1000
1329,1204,1000
1329,1205,1000
1328,1206,1000
1327,1207,1000
1326,1208,1000
1325,1209,1000
1324,1210,1000
1323,1211,1000
1322,1212,1000
1321,1214,1000
1320,1215,1000
1319,1216,1000
1318,1217,1000
1317,1218,1000
1316,1219,1000
1315,1220,1000
1314,1222,1000
1313,1223,1000
1312,1224,1000
1311,1225,1000
1310,1226,1000
1309,1227,1000
1308,1229,1000
1307,1230,1000
1306,1231,1000
1305,1232,1000
1304,1233,1000
1304,1235,1000
1304,1237,1000
1304,1239,1000
1304,1240,1000
1303,1242,1000
1303,1244,1000
1303,1245,1000
1303,1247,1000
1303,1249,1000
1303,1251,1000
1302,1252,1000
1302,1254,1000
1302,1256,1000
1302,1257,1000
1302,1259,1000
1301,1261,1000
1301,1263,1000
1301,1264,1000
1301,1266,1000
1300,1268,1000
1300,1270,1000
1300,1271,1000
1300,1273,1000
1299,1275,1000
1299,1277,1000
1299,1279,1000
1300,1281,1000
1300,1283,1000
1300,1285,1000
1300,1287,1000
1300,1290,1000
1301,1292,1000
1301,1294,1000
1301,1296,1000
1301,1298,1000
1301,1301,1000
1301,1303,1000
1301,1305,1000
1302,1307,1000
1302,1309,1000
1302,1312,1000
1302,1314,1000
1302,1316,1000
1302,1318,1000
1302,1321,1000
1302,1323,1000
1302,1325,1000
1302,1327,1000
1302,1329,1000
1302,1332,1000
1303,1334,1000
1305,1336,1000
1306,1338,1000
1307,1340,1000
1309,1342,1000
1310,1344,1000
1311,1346,1000
1312,1348,1000
1313,1350,1000
1315,1352,1000
1316,1354,1000
1317,1356,1000
1318,1359,1000
1319,1361,1000
1321,1363,1000
1322,1365,1000
1323,1367,1000
1324,1369,1000
1325,1371,1000
1327,1373,1000
1328,1375,1000
1329,1377,1000
1330,1379,1000
1331,1382,1000
1332,1384,1000
1333,1385,1000
1333,1387,1000
1333,1388,1000
1334,1390,1000
1334,1391,1000
1334,1393,1000
1335,1394,1000
1335,1396,1000
1335,1397,1000
1335,1399,1000
1336,1400,1000
1336,1402,1000
1336,1404,1000
1337,1405,1000
1337,1407,1000
1337,1408,1000
1338,1410,1000
1338,1411,1000
1338,1413,1000
1338,1414,1000
1339,1416,1000
1339,1417,1000
1339,1419,1000
1339,1421,1000
1340,1422,1000
1341,1423,1000
1342,1425,1000
1343,1426,1000
1344,1427,1000
1345,1428,1000
1346,1430,1000
1347,1431,1000
1348,1432,1000
1349,1433,1000
1350,1435,1000
1351,1436,1000
1352,1437,1000
1353,1439,1000
1354,1440,1000
1355,1441,1000
1356,1442,1000
1357,1444,1000
1358,1445,1000
1359,1446,1000
1360,1448,1000
1360,1449,1000
1361,1450,1000
1362,1451,1000
1363,1453,1000
1364,1454,1000
1365,1455,1000
1365,1455,1000
1366,1456,1000
1367,1456,1000
1367,1457,1000
1368,1458,1000
1368,1458,1000
1369,1459,1000
1369,1459,1000
1370,1460,1000
1370,1460,1000
1371,1461,1000
1371,1462,1000
1372,1462,1000
1372,1463,1000
1373,1463,1000
1373,1464,1000
1374,1465,1000
1375,1465,1000
1375,1466,1000
1376,1466,1000
1376,1467,1000
1377,1468,1000
1377,1468,1000
1378,1469,1000
1379,1469,1000
1380,1469,1000
1381,1469,1000
1382,1470,1000
1383,1470,1000
1384,1470,1000
1385,1470,1000
1386,1470,1000
1387,1471,1000
1387,1471,1000
1388,1471,1000
1389,1471,1000
1390,1471,1000
1391,1472,1000
1392,1472,1000
1393,1472,1000
1394,1472,1000
1395,1473,1000
1396,1473,1000
1397,1473,1000
1398,1473,1000
1399,1473,1000
1400,1474,1000
1401,1474,1000
1402,1474,1000
1403,1474,1000
1404,1475,1000
1405,1475,1000
1406,1475,1000
1407,1476,1000
1409,1476,1000
1410,1477,1000
1411,1477,1000
1412,1477,1000
1413,1478,1000
1414,1478,1000
1415,1478,1000
1416,1479,1000
1417,1479,1000
1418,1479,1000
1419,1480,1000
1420,1480,1000
1421,1481,1000
1422,1481,1000
1424,1481,1000
1425,1482,1000
1426,1482,1000
1427,1482,1000
1428,1483,1000
1429,1483,1000
1430,1484,1000
1431,1485,1000
1432,1486,1000
1433,1487,1000
1434,1487,1000
1435,1488,1000
1436,1489,1000
1437,1490,1000
1438,1491,1000
1439,1492,1000
1440,1492,1000
1441,1493,1000
1442,1494,1000
1443,1495,1000
1445,1496,1000
1446,1497,1000
1447,1497,1000
1448,1498,1000
1449,1499,1000
1450,1500,1000
1451,1501,1000
1452,1502,1000
1453,1502,1000
1454,1503,1000
1455,1504,1000
1457,1504,1000
1459,1504,1000
1460,1504,1000
1462,1503,1000
1464,1503,1000
1466,1503,1000
1468,1503,1000
1470,1503,1000
1471,1503,1000
1473,1502,1000
1475,1502,1000
1477,1502,1000
1479,1502,1000
1480,1502,1000
1482,1502,1000
1484,1502,1000
1486,1502,1000
1488,1502,1000
1490,1502,1000
1491,1501,1000
1493,1501,1000
1495,1501,1000
1497,1501,1000
1499,1501,1000
1500,1501,1000
1501,1501,1000
1501,1502,1000
1501,1502,1000
1502,1502,1000
1502,1502,1000
1502,1502,1000
1503,1502,1000
1503,1503,1000
1503,1503,1000
1503,1503,1000
1504,1503,1000
1504,1503,1000
1504,1504,1000
1505,1504,1000
1505,1504,1000
1505,1504,1000
1506,1504,1000
1506,1505,1000
1506,1505,1000
1507,1505,1000
1507,1505,1000
1507,1505,1000
1508,1506,1000
1508,1506,1000
1508,1506,1000
1511,1506,1000
1514,1506,1000
1516,1506,1000
1519,1506,1000
1522,1506,1000
1525,1506,1000
1527,1506,1000
1530,1506,1000
1533,1506,1000
1536,1506,1000
1538,1506,1000
1541,1506,1000
1544,1506,1000
1547,1506,1000
1549,1507,1000
1552,1507,1000
1555,1507,1000
1558,1507,1000
1560,1507,1000
1563,1507,1000
1566,1508,1000
1569,1508,1000
1571,1508,1000
1574,1508,1000
