1921,1632,1000
1913,1628,1000
1905,1624,1000
1898,1621,1000
1890,1617,1000
1883,1613,1000
1875,1610,1000
1868,1606,1000
1861,1603,1000
1853,1599,1000
1846,1596,1000
1839,1592,1000
1832,1589,1000
1825,1586,1000
1818,1583,1000
1811,1580,1000
1804,1577,1000
1797,1574,1000
1790,1571,1000
1783,1568,1000
1776,1566,1000
1770,1563,1000
1763,1560,1000
1756,1558,1000
1750,1555,1000
1743,1553,1000
1736,1550,1000
1730,1548,1000
1723,1546,1000
1717,1544,1000
1710,1542,1000
1704,1540,1000
1697,1538,1000
1691,1536,1000
1685,1534,1000
1743,1553,1000
1745,1548,1000
1746,1544,1000
1748,1539,1000
1749,1535,1000
1751,1531,1000
1752,1526,1000
1753,1522,1000
1754,1518,1000
1755,1514,1000
1756,1510,1000
1757,1506,1000
1758,1502,1000
1758,1498,1000
1759,1494,1000
1759,1490,1000
1760,1486,1000
1760,1482,1000
1760,1478,1000
1760,1474,1000
1760,1471,1000
1760,1467,1000
1759,1463,1000
1759,1460,1000
1758,1456,1000
1757,1453,1000
1756,1449,1000
1755,1446,1000
1754,1442,1000
1753,1439,1000
1751,1435,1000
1749,1432,1000
1747,1429,1000
1745,1425,1000
1743,1422,1000
1757,1453,1000
1741,1447,1000
1724,1443,1000
1708,1440,1000
1692,1438,1000
1676,1437,1000
1661,1437,1000
1645,1438,1000
1629,1440,1000
1613,1442,1000
1597,1446,1000
1581,1450,1000
1564,1455,1000
1548,1461,1000
1531,1468,1000
1514,1475,1000
1497,1484,1000
1479,1493,1000
1460,1504,1000
1441,1515,1000
1422,1528,1000
1402,1542,1000
1381,1558,1000
1358,1575,1000
1335,1594,1000
1309,1617,1000
1282,1643,1000
1251,1677,1000
1215,1724,1000
1170,55455,1000
1098,3134040,1000
53392,179523957,1000
3049617,2147483647,1000
174720641,2147483647,1000
2147483647,2147483647,1000
1309,1617,1000
1329,1590,1000
1347,1566,1000
1363,1544,1000
1379,1523,1000
1393,1504,1000
1407,1486,1000
1419,1469,1000
1431,1453,1000
1442,1437,1000
1453,1422,1000
1463,1408,1000
1472,1394,1000
1481,1381,1000
1489,1368,1000
1496,1355,1000
1503,1343,1000
1509,1332,1000
1514,1320,1000
1519,1309,1000
1523,1299,1000
1527,1289,1000
1529,1279,1000
1531,1269,1000
1532,1260,1000
1532,1251,1000
1531,1243,1000
1529,1235,1000
1526,1228,1000
1522,1221,1000
1516,1215,1000
1508,1209,1000
1499,1204,1000
1488,1200,1000
1474,1197,1000
1532,1251,1000
1526,1248,1000
1520,1245,1000
1514,1241,1000
1508,1238,1000
1502,1236,1000
1496,1233,1000
1490,1230,1000
1483,1228,1000
1477,1226,1000
1471,1224,1000
1465,1222,1000
1459,1220,1000
1454,1218,1000
1448,1217,1000
1442,1216,1000
1436,1214,1000
1430,1213,1000
1424,1212,1000
1418,1211,1000
1412,1211,1000
1406,1210,1000
1400,1209,1000
1394,1209,1000
1388,1209,1000
1382,1209,1000
1376,1209,1000
1370,1209,1000
1364,1209,1000
1358,1209,1000
1352,1210,1000
1346,1210,1000
1340,1211,1000
1333,1211,1000
1327,1212,1000
1382,1209,1000
1381,1202,1000
1381,1194,1000
1380,1187,1000
1379,1180,1000
1378,1173,1000
1376,1166,1000
1375,1159,1000
1373,1152,1000
1371,1144,1000
1369,1137,1000
1367,1130,1000
1365,1123,1000
1363,1115,1000
1360,1108,1000
1358,1100,1000
1355,1093,1000
1352,1085,1000
1348,1078,1000
1345,1070,1000
1342,1062,1000
1338,1054,1000
1334,1046,1000
1330,1038,1000
1326,1030,1000
1321,1022,1000
1317,1014,1000
1312,1005,1000
1307,997,1000
1302,988,1000
1296,979,1000
1291,970,1000
1285,961,1000
1279,952,1000
1273,943,1000
