1720,1580,1000
1653,1485,1000
1604,1422,1000
1571,1392,1000
1501,1311,1000
1425,1231,1000
1371,1179,1000
1328,1139,1000
1291,1107,1000
1307,1058,1000
1307,1019,1000
1305,975,1000
1299,959,1000
1291,940,1000
1272,917,1000
1258,906,1000
1307,980,1000
1426,1122,1000
1474,1194,1000
1615,1326,1000
1719,1402,1000
1770,1433,1000
1852,1487,1000
1888,1510,1000
-1625,44250,1000
-1544,2493096,1000
-1490,142801646,1000
-1423,2147483647,1000
-1509,2147483647,1000
-1546,2147483647,1000
-1620,2147483647,1000
1946,1650,1000
1904,1641,1000
1864,1639,1000
1828,1637,1000
1777,1631,1000
1754,1648,1000
1729,1599,1000
1687,1529,1000
1665,1499,1000
