1558,1672,1000
1546,1650,1000
1535,1629,1000
1522,1608,1000
1509,1587,1000
1496,1567,1000
1482,1547,1000
1468,1528,1000
1454,1508,1000
1439,1490,1000
1423,1471,1000
1407,1453,1000
1391,1434,1000
1375,1417,1000
1358,1399,1000
1341,1382,1000
1323,1365,1000
1306,1349,1000
1287,1332,1000
1269,1317,1000
1250,1301,1000
1232,1286,1000
1212,1272,1000
1193,1257,1000
1173,1244,1000
1153,1230,1000
1164,1214,1000
1175,1198,1000
1184,1183,1000
1193,1168,1000
1201,1153,1000
1209,1138,1000
1216,1124,1000
1222,1109,1000
1227,1095,1000
1232,1081,1000
1236,1067,1000
1240,1054,1000
1242,1040,1000
1245,1026,1000
1246,1013,1000
1247,999,1000
1247,985,1000
1247,972,1000
1245,958,1000
1243,944,1000
1240,930,1000
1236,915,1000
1231,901,1000
1226,886,1000
1219,871,1000
1245,903,1000
1272,937,1000
1300,971,1000
1328,1006,1000
1357,1042,1000
1388,1077,1000
1419,1113,1000
1451,1148,1000
1483,1183,1000
1517,1218,1000
1551,1251,1000
1586,1284,1000
1622,1316,1000
1657,1348,1000
1693,1378,1000
1729,1408,1000
1765,1436,1000
1799,1464,1000
1833,1491,1000
1866,1518,1000
1898,1544,1000
1928,1569,1000
1956,1593,1000
-1617,47967,1000
-1592,2704997,1000
-1613,154941597,1000
1966,1628,1000
1946,1622,1000
1927,1618,1000
1908,1614,1000
1890,1611,1000
1872,1609,1000
1855,1607,1000
1838,1606,1000
1821,1606,1000
1804,1607,1000
1788,1608,1000
1771,1610,1000
1755,1613,1000
1738,1616,1000
1722,1620,1000
1705,1625,1000
1689,1631,1000
1672,1637,1000
1656,1644,1000
1639,1652,1000
1622,1661,1000
1604,1671,1000
1586,1682,1000
